#Layer_Color=32768
#
#Feature symbol names
#
$0 r3.937

#
#Feature attribute names
#

#
#Layer features
#
L 0.4035433 2.3159449 0.4035433 2.4635827 0 P 0
L 0.4035433 2.3159449 0.5413386 2.3159449 0 P 0
L 0.4035433 2.4635827 0.5413386 2.4635827 0 P 0
L 0.4527559 2.3897638 0.492126 2.3897638 0 P 0
L 0.4724409 2.3700788 0.4724409 2.4094489 0 P 0
L 0.5413386 2.3159449 0.5413386 2.4635827 0 P 0
L 0.5900003 1.20441 0.5900003 1.3697643 0 P 0
L 0.5900003 1.20441 0.7159845 1.20441 0 P 0
L 0.5900003 1.3697643 0.7159845 1.3697643 0 P 0
L 0.6333073 1.2870872 0.6726774 1.2870872 0 P 0
L 0.6529924 1.2674021 0.6529924 1.3067722 0 P 0
L 0.7159845 1.20441 0.7159845 1.3697643 0 P 0
L 0.9787809 0.6587417 0.9787809 0.7985055 0 P 0
L 0.9787809 0.6587417 1.1362613 0.6587417 0 P 0
L 0.9787809 0.7985055 1.1362613 0.7985055 0 P 0
L 1.0314961 0.8681102 1.0314961 1.1082677 0 P 0
L 1.0314961 0.8681102 1.3779528 0.8681102 0 P 0
L 1.0314961 1.1082677 1.3779528 1.1082677 0 P 0
L 1.0378361 0.7286236 1.0772061 0.7286236 0 P 0
L 1.0575211 0.7089386 1.0575211 0.7483087 0 P 0
L 1.1362613 0.6587417 1.1362613 0.7985055 0 P 0
L 1.1850394 0.988189 1.2244095 0.988189 0 P 0
L 1.2047244 0.9685039 1.2047244 1.007874 0 P 0
L 1.2740559 2.1079539 1.2740559 2.3205523 0 P 0
L 1.2740559 2.1079539 1.567363 2.1079539 0 P 0
L 1.2740559 2.3205523 1.567363 2.3205523 0 P 0
L 1.3779528 0.8681102 1.3779528 1.1082677 0 P 0
L 1.4010244 2.2142531 1.4403945 2.2142531 0 P 0
L 1.4207095 2.1945681 1.4207095 2.2339381 0 P 0
L 1.567363 2.1079539 1.567363 2.3205523 0 P 0
L 1.7376399 1.2122849 1.7376399 1.3776392 0 P 0
L 1.7376399 1.2122849 1.8636241 1.2122849 0 P 0
L 1.7376399 1.3776392 1.8636241 1.3776392 0 P 0
L 1.780947 1.2949621 1.8203171 1.2949621 0 P 0
L 1.800632 1.275277 1.800632 1.3146471 0 P 0
L 1.8636241 1.2122849 1.8636241 1.3776392 0 P 0
L 2.0354331 0.2598425 2.0354331 0.6692913 0 P 0
L 2.0354331 0.2598425 2.4448819 0.2598425 0 P 0
L 2.0354331 0.6692913 2.4448819 0.6692913 0 P 0
L 2.0708667 0.998032 2.0708667 1.2421265 0 P 0
L 2.0708667 0.998032 2.3149612 0.998032 0 P 0
L 2.0708667 1.2421265 2.3149612 1.2421265 0 P 0
L 2.1732289 1.1200793 2.212599 1.1200793 0 P 0
L 2.1929139 1.1003942 2.1929139 1.1397643 0 P 0
L 2.2204725 0.4645669 2.2598426 0.4645669 0 P 0
L 2.2401575 0.4448818 2.2401575 0.4842519 0 P 0
L 2.3149612 0.998032 2.3149612 1.2421265 0 P 0
L 2.4448819 0.2598425 2.4448819 0.6692913 0 P 0
L 2.9133859 1.5511811 2.9133859 1.7165354 0 P 0
L 2.9133859 1.5511811 3.0393701 1.5511811 0 P 0
L 2.9133859 1.7165354 3.0393701 1.7165354 0 P 0
L 2.9566929 1.6338583 2.996063 1.6338583 0 P 0
L 2.976378 1.6141732 2.976378 1.6535433 0 P 0
L 3.0393701 1.5511811 3.0393701 1.7165354 0 P 0
