#Layer_Color=16711935
#
#Feature symbol names
#
$0 r5

#
#Feature attribute names
#

#
#Layer features
#
L 0.0688591 2.1301192 0.0688591 2.4401192 0 P 0
L 0.0688591 2.1301192 0.3788591 2.1301192 0 P 0
L 0.0688591 2.4401192 0.3788591 2.4401192 0 P 0
L 0.0708276 1.730513 0.0708276 2.040513 0 P 0
L 0.0708276 1.730513 0.3808276 1.730513 0 P 0
L 0.0708276 2.040513 0.3808276 2.040513 0 P 0
L 0.0747636 0.9175199 0.0747636 1.2275199 0 P 0
L 0.0747636 0.9175199 0.3847636 0.9175199 0 P 0
L 0.0747636 1.2275199 0.3847636 1.2275199 0 P 0
L 0.0747641 1.3289376 0.0747641 1.6389376 0 P 0
L 0.0747641 1.3289376 0.3847641 1.3289376 0 P 0
L 0.0747641 1.6389376 0.3847641 1.6389376 0 P 0
L 0.3788591 2.1301192 0.3788591 2.4401192 0 P 0
L 0.3808276 1.730513 0.3808276 2.040513 0 P 0
L 0.3847636 0.9175199 0.3847636 1.2275199 0 P 0
L 0.3847641 1.3289376 0.3847641 1.6389376 0 P 0
L 0.6405442 0.5460681 0.6405442 0.8430681 0 P 0
L 0.6405442 0.5460681 0.8465442 0.5460681 0 P 0
L 0.6405442 0.8430681 0.8465442 0.8430681 0 P 0
L 0.8465442 0.5460681 0.8465442 0.8430681 0 P 0
L 0.8979921 2.0284252 0.8979921 2.1684252 0 P 0
L 0.8979921 2.0284252 1.1279921 2.0284252 0 P 0
L 0.8979921 2.1684252 1.0979921 2.1684252 0 P 0
L 1.0979921 2.1684252 1.1279921 2.1384252 0 P 0
L 1.1279921 2.0284252 1.1279921 2.1384252 0 P 0
L 1.5566535 0.1563386 1.5566535 0.3963386 0 P 0
L 1.5566535 0.1563386 1.9866535 0.1563386 0 P 0
L 1.5566535 0.3963386 1.5866535 0.4263386 0 P 0
L 1.5866535 0.4263386 1.9866535 0.4263386 0 P 0
L 1.6883552 2.3471035 1.6883552 2.4751035 0 P 0
L 1.6883552 2.3471035 1.8233552 2.3471035 0 P 0
L 1.6883552 2.4751035 1.8233552 2.4751035 0 P 0
L 1.8233552 2.3471035 1.8233552 2.4751035 0 P 0
L 1.9866535 0.1563386 1.9866535 0.4263386 0 P 0
L 2.5972909 0.179914 2.5972909 0.225914 0 P 0
L 2.5972909 0.179914 2.7212909 0.179914 0 P 0
L 2.5972909 0.225914 2.7212909 0.225914 0 P 0
L 2.5972909 0.2429061 2.5972909 0.2889061 0 P 0
L 2.5972909 0.2429061 2.7212909 0.2429061 0 P 0
L 2.5972909 0.2889061 2.7212909 0.2889061 0 P 0
L 2.5972909 0.3058982 2.5972909 0.3518982 0 P 0
L 2.5972909 0.3058982 2.7212909 0.3058982 0 P 0
L 2.5972909 0.3518982 2.7212909 0.3518982 0 P 0
L 2.5972909 0.3688904 2.5972909 0.4148904 0 P 0
L 2.5972909 0.3688904 2.7212909 0.3688904 0 P 0
L 2.5972909 0.4148904 2.7212909 0.4148904 0 P 0
L 2.7212909 0.179914 2.7212909 0.225914 0 P 0
L 2.7212909 0.2429061 2.7212909 0.2889061 0 P 0
L 2.7212909 0.3058982 2.7212909 0.3518982 0 P 0
L 2.7212909 0.3688904 2.7212909 0.4148904 0 P 0
L 3.3430316 1.4827953 3.3430316 1.7927953 0 P 0
L 3.3430316 1.4827953 3.6530316 1.4827953 0 P 0
L 3.3430316 1.7927953 3.6530316 1.7927953 0 P 0
L 3.6530316 1.4827953 3.6530316 1.7927953 0 P 0
