#Layer_Color=16711935
#
#Feature symbol names
#
$0 r3.937

#
#Feature attribute names
#

#
#Layer features
#
A 0.6707089 1.3087407 0.6707089 1.3087407 0.6510239 1.3087407 0 P 0 N
A 1.1732283 1.0511811 1.1732283 1.0511811 1.1535433 1.0511811 0 P 0 N
A 1.4000401 2.2742925 1.4000401 2.2742925 1.3803551 2.2742925 0 P 0 N
A 1.824254 1.3185841 1.824254 1.3185841 1.804569 1.3185841 0 P 0 N
A 2.2736226 1.0590556 2.2736226 1.0590556 2.2539376 1.0590556 0 P 0 N
A 2.3602362 0.3641732 2.3602362 0.3641732 2.3405512 0.3641732 0 P 0 N
A 2.9940945 1.6555118 2.9940945 1.6555118 2.9744095 1.6555118 0 P 0 N
L 0.4133858 2.3622048 0.4133858 2.4173229 0 P 0
L 0.4133858 2.3622048 0.531496 2.3622048 0 P 0
L 0.4133858 2.4173229 0.531496 2.4173229 0 P 0
L 0.531496 2.3622048 0.531496 2.4173229 0 P 0
L 0.6136223 1.2280321 0.6136223 1.3461423 0 P 0
L 0.6136223 1.2280321 0.6923625 1.2280321 0 P 0
L 0.6136223 1.3461423 0.6923625 1.3461423 0 P 0
L 0.6923625 1.2280321 0.6923625 1.3461423 0 P 0
L 1.0230723 0.6685843 1.0230723 0.788663 0 P 0
L 1.0230723 0.6685843 1.0919699 0.6685843 0 P 0
L 1.0230723 0.788663 1.0919699 0.788663 0 P 0
L 1.0919699 0.6685843 1.0919699 0.788663 0 P 0
L 1.1161418 0.8877953 1.1161418 1.0885827 0 P 0
L 1.1161418 0.8877953 1.2933071 0.8877953 0 P 0
L 1.1161418 1.0885827 1.2933071 1.0885827 0 P 0
L 1.2933071 0.8877953 1.2933071 1.0885827 0 P 0
L 1.3429536 2.1168122 1.3429536 2.311694 0 P 0
L 1.3429536 2.1168122 1.4984654 2.1168122 0 P 0
L 1.3429536 2.311694 1.4984654 2.311694 0 P 0
L 1.4984654 2.1168122 1.4984654 2.311694 0 P 0
L 1.7592934 1.2339385 1.7592934 1.3559857 0 P 0
L 1.7592934 1.2339385 1.8419706 1.2339385 0 P 0
L 1.7592934 1.3559857 1.8419706 1.3559857 0 P 0
L 1.8419706 1.2339385 1.8419706 1.3559857 0 P 0
L 2.0944888 1.0216541 2.0944888 1.2185044 0 P 0
L 2.0944888 1.0216541 2.2913391 1.0216541 0 P 0
L 2.0944888 1.2185044 2.2913391 1.2185044 0 P 0
L 2.1023623 0.3267716 2.1023623 0.6023621 0 P 0
L 2.1023623 0.3267716 2.3779528 0.3267716 0 P 0
L 2.1023623 0.6023621 2.3779528 0.6023621 0 P 0
L 2.2913391 1.0216541 2.2913391 1.2185044 0 P 0
L 2.3779528 0.3267716 2.3779528 0.6023621 0 P 0
L 2.9370079 1.5748032 2.9370079 1.6929134 0 P 0
L 2.9370079 1.5748032 3.0157481 1.5748032 0 P 0
L 2.9370079 1.6929134 3.0157481 1.6929134 0 P 0
L 3.0157481 1.5748032 3.0157481 1.6929134 0 P 0
